,index,Unnamed: 0,layer,#filters,size,stride,padding,input,c (input),output,c (output),time (sec),freq,predicted,diff
0,0,0,conv,32,3.0,1.0,1.0,448.0,3.0,448.0,32.0,0.767809,1000,0.7629810486668012,0.004827951333198799
1,2,2,conv,64,3.0,1.0,1.0,224.0,32.0,224.0,64.0,1.464385,1000,1.2915424258717094,0.17284257412829063
2,4,4,conv,128,3.0,1.0,1.0,112.0,64.0,112.0,128.0,1.077104,1000,1.057395444272992,0.019708555727008026
3,5,5,conv,64,1.0,1.0,0.0,112.0,128.0,112.0,64.0,0.191137,1000,0.21610440500506303,0.02496740500506303
4,6,6,conv,128,3.0,1.0,1.0,112.0,64.0,112.0,128.0,1.068897,1000,1.057395444272992,0.01150155572700795
5,8,8,conv,256,3.0,1.0,1.0,56.0,128.0,56.0,256.0,0.8805700000000001,1000,0.7630111818306538,0.11755881816934632
6,9,9,conv,128,1.0,1.0,0.0,56.0,256.0,56.0,128.0,0.132695,1000,0.1658200120161621,0.03312501201616208
7,10,10,conv,256,3.0,1.0,1.0,56.0,128.0,56.0,256.0,0.8814540000000001,1000,0.7630111818306538,0.11844281816934632
8,12,12,conv,512,3.0,1.0,1.0,28.0,256.0,28.0,512.0,0.81729,1000,0.7430365899615722,0.07425341003842778
9,13,13,conv,256,1.0,1.0,0.0,28.0,512.0,28.0,256.0,0.108569,1000,0.17888094183828043,0.07031194183828043
10,14,14,conv,512,3.0,1.0,1.0,28.0,256.0,28.0,512.0,0.817451,1000,0.7430365899615722,0.07441441003842786
11,15,15,conv,256,1.0,1.0,0.0,28.0,512.0,28.0,256.0,0.108634,1000,0.17888094183828043,0.07024694183828044
12,16,16,conv,512,3.0,1.0,1.0,28.0,256.0,28.0,512.0,0.81798,1000,0.7430365899615722,0.07494341003842786
13,18,18,conv,1024,3.0,1.0,1.0,14.0,512.0,14.0,1024.0,0.925359,1000,0.6244817911006548,0.3008772088993452
14,19,19,conv,512,1.0,1.0,0.0,14.0,1024.0,14.0,512.0,0.11204800000000001,1000,0.15364341212588453,0.04159541212588452
15,20,20,conv,1024,3.0,1.0,1.0,14.0,512.0,14.0,1024.0,0.925256,1000,0.6244817911006548,0.30077420889934514
16,21,21,conv,512,1.0,1.0,0.0,14.0,1024.0,14.0,512.0,0.11190399999999999,1000,0.15364341212588453,0.04173941212588454
17,22,22,conv,1024,3.0,1.0,1.0,14.0,512.0,14.0,1024.0,0.9253129999999999,1000,0.6244817911006548,0.3008312088993451
18,23,23,conv,1024,3.0,1.0,1.0,14.0,1024.0,14.0,1024.0,1.859916,1000,1.2082207898643536,0.6516952101356464
19,24,24,conv,1024,3.0,1.0,1.0,14.0,1024.0,14.0,1024.0,1.845435,1000,1.2082207898643536,0.6372142101356464
20,26,26,conv,64,1.0,1.0,0.0,28.0,512.0,28.0,64.0,0.040141,1000,0.059969152356279885,0.019828152356279882
21,29,29,conv,1024,3.0,1.0,1.0,14.0,1280.0,14.0,1024.0,2.2946779999999998,1000,1.4760859862004525,0.8185920137995473
22,30,30,conv,425,1.0,1.0,0.0,14.0,1024.0,14.0,425.0,0.093304,1000,0.1270084260967767,0.03370442609677671
