-1.207630021108007545e+00 1.336438370914856177e+00 -1.234011203152699521e+00 1.023578877123710873e+00
-1.263149936081244817e+00 1.821656074736239805e+00 -1.234011203152699521e+00 -9.769642793040349549e-01
6.152738538466193674e-01 -1.226506423628861420e+00 -5.961406778515725667e-03 1.023578877123710873e+00
5.782605771977944453e-01 -3.991480312154769283e-01 -5.961406778515725667e-03 -9.769642793040349549e-01
6.245271730088256534e-01 -7.164057606371506681e-01 -5.961406778515725667e-03 -9.769642793040349549e-01
5.875138963600007314e-01 8.076754885453998334e-01 -1.234011203152699521e+00 -9.769642793040349549e-01
6.337804921710318284e-01 3.597822234795074459e-01 1.222088389595668012e+00 -9.769642793040349549e-01
5.597539388733819843e-01 3.348992643091801003e-01 -1.234011203152699521e+00 -9.769642793040349549e-01
5.875138963600007314e-01 -3.307198934970767001e-01 -5.961406778515725667e-03 -9.769642793040349549e-01
7.078070454686816726e-01 -2.933954547415856262e-01 -5.961406778515725667e-03 -9.769642793040349549e-01
5.505006197111758093e-01 -6.853020616742414584e-01 -1.234011203152699521e+00 -9.769642793040349549e-01
6.800470879820630365e-01 -3.929272914228950642e-01 1.222088389595668012e+00 1.023578877123710873e+00
-8.189906162953459745e-01 -1.077208668606897346e+00 1.222088389595668012e+00 -9.769642793040349549e-01
-1.226136659432419895e+00 1.591488702410711609e+00 -5.961406778515725667e-03 -9.769642793040349549e-01
-1.253896616919038642e+00 -6.977435412594051867e-01 1.222088389595668012e+00 1.023578877123710873e+00
6.615404496576505755e-01 -1.378769599270396884e-01 -5.961406778515725667e-03 1.023578877123710873e+00
2.438177728801246502e+00 -1.245168643006606901e+00 -5.961406778515725667e-03 1.023578877123710873e+00
-1.235389978594626292e+00 9.383110241896184256e-01 -1.234011203152699521e+00 1.023578877123710873e+00
6.152738538466193674e-01 -7.910546381481327050e-01 1.222088389595668012e+00 -9.769642793040349549e-01
8.188468754151564388e-01 -1.288713821554679839e+00 -5.961406778515725667e-03 1.023578877123710873e+00
-1.244643297756832467e+00 -4.924591281042045021e-01 -5.961406778515725667e-03 1.023578877123710873e+00
5.227406622245570622e-01 1.827876814528821559e+00 1.222088389595668012e+00 1.023578877123710873e+00
2.327137898854771514e+00 -1.282493081762098086e+00 -1.234011203152699521e+00 -9.769642793040349549e-01
-1.253896616919038642e+00 7.890132691676543519e-01 -5.961406778515725667e-03 1.023578877123710873e+00
6.615404496576505755e-01 -1.064767189021733618e+00 -5.961406778515725667e-03 1.023578877123710873e+00
7.170603646308878476e-01 -3.680443322525677186e-01 -5.961406778515725667e-03 -9.769642793040349549e-01
-1.179870063621388798e+00 -1.245168643006606901e+00 1.222088389595668012e+00 1.023578877123710873e+00
4.764740664135259651e-01 -4.456586303831209378e-02 -5.961406778515725667e-03 1.023578877123710873e+00
-1.290909893567863564e+00 -7.226265004297325323e-01 -5.961406778515725667e-03 1.023578877123710873e+00
6.245271730088256534e-01 1.435970207596165560e+00 1.222088389595668012e+00 -9.769642793040349549e-01
4.857273855757321956e-01 5.961703355976173402e-01 -5.961406778515725667e-03 -9.769642793040349549e-01
5.967672155222069064e-01 1.635033880958784547e+00 -5.961406778515725667e-03 -9.769642793040349549e-01
5.134873430623508872e-01 6.832606926937631053e-01 -1.234011203152699521e+00 1.023578877123710873e+00
-8.467505737819646106e-01 -1.214064944043697913e+00 1.222088389595668012e+00 -9.769642793040349549e-01
5.782605771977944453e-01 -2.622917557786764720e-01 -1.234011203152699521e+00 1.023578877123710873e+00
7.355670029553003086e-01 4.033274020275803284e-01 -5.961406778515725667e-03 -9.769642793040349549e-01
4.949807047379384262e-01 1.684799799299439238e+00 -1.234011203152699521e+00 1.023578877123710873e+00
5.597539388733819843e-01 -1.288713821554679839e+00 1.222088389595668012e+00 1.023578877123710873e+00
2.484444324612277377e+00 -1.276272341969516111e+00 1.222088389595668012e+00 -9.769642793040349549e-01
-1.050323595350501682e+00 -1.189181984873370457e+00 -1.234011203152699521e+00 1.023578877123710873e+00
6.152738538466193674e-01 1.491956865729402004e+00 -1.234011203152699521e+00 1.023578877123710873e+00
4.764740664135259651e-01 1.635033880958784547e+00 -1.234011203152699521e+00 -9.769642793040349549e-01
-1.198376701945801370e+00 -7.039642810519870508e-01 1.222088389595668012e+00 1.023578877123710873e+00
-1.216883340270213720e+00 1.087608779211582499e+00 1.222088389595668012e+00 1.023578877123710873e+00
6.337804921710318284e-01 -4.737969087264589652e-01 -1.234011203152699521e+00 -9.769642793040349549e-01
-1.226136659432419895e+00 1.131153957759655437e+00 -5.961406778515725667e-03 -9.769642793040349549e-01
7.355670029553003086e-01 -7.350679800148962606e-01 -1.234011203152699521e+00 -9.769642793040349549e-01
5.134873430623508872e-01 -1.015001270681078926e+00 1.222088389595668012e+00 -9.769642793040349549e-01
7.170603646308878476e-01 1.678579059506857485e+00 1.222088389595668012e+00 1.023578877123710873e+00
-9.670437228906456628e-01 -1.089650148192061074e+00 1.222088389595668012e+00 1.023578877123710873e+00
-1.244643297756832467e+00 -7.910546381481327050e-01 -1.234011203152699521e+00 -9.769642793040349549e-01
5.782605771977944453e-01 1.112491738381909956e+00 1.222088389595668012e+00 1.023578877123710873e+00
-1.300163212730069739e+00 1.044063600663509783e+00 -1.234011203152699521e+00 -9.769642793040349549e-01
-7.819773396465210524e-01 -1.145636806325297519e+00 -5.961406778515725667e-03 1.023578877123710873e+00
6.245271730088256534e-01 5.775081162198717477e-01 -5.961406778515725667e-03 -9.769642793040349549e-01
6.800470879820630365e-01 -6.728605820890778411e-01 -5.961406778515725667e-03 1.023578877123710873e+00
6.893004071442692116e-01 -9.030279544146058157e-01 -5.961406778515725667e-03 -9.769642793040349549e-01
4.672207472513197346e-01 8.512206670934726604e-01 -5.961406778515725667e-03 -9.769642793040349549e-01
-9.392837654040269157e-01 -1.182961245080788704e+00 1.222088389595668012e+00 -9.769642793040349549e-01
-1.013310318701676760e+00 -9.030279544146058157e-01 1.222088389595668012e+00 1.023578877123710873e+00
7.355670029553003086e-01 1.056505080248673289e+00 1.222088389595668012e+00 -9.769642793040349549e-01
-1.198376701945801370e+00 -1.288713821554679839e+00 1.222088389595668012e+00 -9.769642793040349549e-01
-1.253896616919038642e+00 1.473294646351656523e+00 1.222088389595668012e+00 -9.769642793040349549e-01
6.800470879820630365e-01 8.823243660563818702e-01 1.222088389595668012e+00 1.023578877123710873e+00
1.984765089853141262e+00 -1.288713821554679839e+00 -1.234011203152699521e+00 -9.769642793040349549e-01
7.078070454686816726e-01 1.171733715688157151e-01 -5.961406778515725667e-03 1.023578877123710873e+00
5.967672155222069064e-01 -4.178102505932224098e-01 -1.234011203152699521e+00 -9.769642793040349549e-01
-1.198376701945801370e+00 -1.164299025703043000e+00 -5.961406778515725667e-03 -9.769642793040349549e-01
6.337804921710318284e-01 1.037842860870927808e+00 -5.961406778515725667e-03 -9.769642793040349549e-01
-1.189123382783595195e+00 6.023910753901992043e-01 -5.961406778515725667e-03 -9.769642793040349549e-01
5.227406622245570622e-01 1.342659110707437931e+00 -5.961406778515725667e-03 -9.769642793040349549e-01
-9.670437228906456628e-01 -1.139416066532715766e+00 1.222088389595668012e+00 1.023578877123710873e+00
-1.309416531892276137e+00 -3.431613730822403729e-01 -1.234011203152699521e+00 -9.769642793040349549e-01
6.707937688198567505e-01 1.317776151537110696e+00 1.222088389595668012e+00 1.023578877123710873e+00
-1.207630021108007545e+00 -1.170519765495624975e+00 -5.961406778515725667e-03 -9.769642793040349549e-01
7.355670029553003086e-01 -8.283790769036237789e-01 -1.234011203152699521e+00 1.023578877123710873e+00
6.615404496576505755e-01 -4.426932097635497554e-01 1.222088389595668012e+00 1.023578877123710873e+00
6.430338113332381145e-01 1.491956865729402004e+00 -1.234011203152699521e+00 -9.769642793040349549e-01
-1.216883340270213720e+00 1.149816177137400919e+00 -5.961406778515725667e-03 -9.769642793040349549e-01
-1.207630021108007545e+00 -9.963390513033334450e-01 1.222088389595668012e+00 1.023578877123710873e+00
5.412473005489695232e-01 1.616371661581039065e+00 -1.234011203152699521e+00 1.023578877123710873e+00
-1.087336871999326604e+00 -5.919909647855139401e-01 -1.234011203152699521e+00 -9.769642793040349549e-01
6.522871304954442895e-01 1.012959901700600573e+00 -5.961406778515725667e-03 -9.769642793040349549e-01
5.782605771977944453e-01 1.373762809670347140e+00 -5.961406778515725667e-03 -9.769642793040349549e-01
-1.263149936081244817e+00 -6.944882220863944633e-02 1.222088389595668012e+00 -9.769642793040349549e-01
7.263136837930941336e-01 9.320902843970365614e-01 -5.961406778515725667e-03 -9.769642793040349549e-01
5.967672155222069064e-01 -8.843657350368603343e-01 -5.961406778515725667e-03 -9.769642793040349549e-01
6.893004071442692116e-01 1.268010233196456005e+00 -1.234011203152699521e+00 -9.769642793040349549e-01
6.893004071442692116e-01 -1.033663490058824408e+00 -1.234011203152699521e+00 1.023578877123710873e+00
-8.560038929441708966e-01 -1.238947903214025148e+00 1.222088389595668012e+00 1.023578877123710873e+00
6.337804921710318284e-01 -6.168739239558412857e-01 -5.961406778515725667e-03 -9.769642793040349549e-01
5.505006197111758093e-01 1.728344977847512176e+00 -1.234011203152699521e+00 1.023578877123710873e+00
2.206844749746090795e+00 -1.232727163421443395e+00 -5.961406778515725667e-03 -9.769642793040349549e-01
6.430338113332381145e-01 1.980429888723796161e-01 1.222088389595668012e+00 1.023578877123710873e+00
6.707937688198567505e-01 -1.089650148192061074e+00 -5.961406778515725667e-03 -9.769642793040349549e-01
2.539964239585514871e+00 -1.238947903214025148e+00 -5.961406778515725667e-03 -9.769642793040349549e-01
4.672207472513197346e-01 -1.005525211715486422e-01 -5.961406778515725667e-03 -9.769642793040349549e-01
4.857273855757321956e-01 6.770399529011812412e-01 1.222088389595668012e+00 1.023578877123710873e+00
-1.068830233674914032e+00 -1.232727163421443395e+00 1.222088389595668012e+00 1.023578877123710873e+00
6.985537263064754976e-01 3.286785245165982361e-01 -5.961406778515725667e-03 -9.769642793040349549e-01
7.263136837930941336e-01 8.325584477157271790e-01 -5.961406778515725667e-03 -9.769642793040349549e-01
5.227406622245570622e-01 1.243127274026128548e+00 -1.234011203152699521e+00 -9.769642793040349549e-01
-1.189123382783595195e+00 2.478089072130343351e-01 -1.234011203152699521e+00 -9.769642793040349549e-01
-1.152110106134770273e+00 -2.933954547415856262e-01 -5.961406778515725667e-03 1.023578877123710873e+00
1.707165514986954236e+00 -1.226506423628861420e+00 -5.961406778515725667e-03 -9.769642793040349549e-01
6.893004071442692116e-01 -9.963390513033334450e-01 -5.961406778515725667e-03 1.023578877123710873e+00
1.618612148985142107e-01 -1.276272341969516111e+00 1.222088389595668012e+00 -9.769642793040349549e-01
4.764740664135259651e-01 1.871421993076894497e+00 -1.234011203152699521e+00 1.023578877123710873e+00
-1.272403255243451214e+00 9.072073252267092158e-01 1.222088389595668012e+00 -9.769642793040349549e-01
-1.281656574405657389e+00 -2.933954547415856262e-01 -1.234011203152699521e+00 -9.769642793040349549e-01
-1.272403255243451214e+00 1.224465054648383067e+00 -1.234011203152699521e+00 -9.769642793040349549e-01
7.078070454686816726e-01 1.137374697552237190e+00 -1.234011203152699521e+00 1.023578877123710873e+00
-2.082715515897348990e-01 -1.294934561347261814e+00 -5.961406778515725667e-03 1.023578877123710873e+00
5.967672155222069064e-01 6.118671343557916670e-02 -5.961406778515725667e-03 -9.769642793040349549e-01
6.707937688198567505e-01 -1.083429408399479099e+00 -1.234011203152699521e+00 -9.769642793040349549e-01
-1.161363425296976448e+00 -6.355361433335867671e-01 -1.234011203152699521e+00 1.023578877123710873e+00
-1.281656574405657389e+00 -1.145636806325297519e+00 -5.961406778515725667e-03 1.023578877123710873e+00
-1.198376701945801370e+00 1.591488702410711609e+00 -5.961406778515725667e-03 -9.769642793040349549e-01
-1.226136659432419895e+00 1.669392899094704341e-01 -1.234011203152699521e+00 1.023578877123710873e+00
2.253111345557121670e+00 -1.263830862384352605e+00 1.222088389595668012e+00 1.023578877123710873e+00
6.337804921710318284e-01 1.212023575063219338e+00 -5.961406778515725667e-03 -9.769642793040349549e-01
5.134873430623508872e-01 1.852759773699149015e+00 1.222088389595668012e+00 1.023578877123710873e+00
6.522871304954442895e-01 -6.541983627113322486e-01 1.222088389595668012e+00 1.023578877123710873e+00
-1.041070276188295507e+00 -7.226265004297325323e-01 -5.961406778515725667e-03 -9.769642793040349549e-01
-1.281656574405657389e+00 4.717555397459805566e-01 -5.961406778515725667e-03 1.023578877123710873e+00
6.337804921710318284e-01 -3.834512324573025738e-02 -5.961406778515725667e-03 1.023578877123710873e+00
6.707937688198567505e-01 1.224465054648383067e+00 1.222088389595668012e+00 -9.769642793040349549e-01
-7.357107438354899553e-01 -1.270051602176934358e+00 -1.234011203152699521e+00 1.023578877123710873e+00
4.764740664135259651e-01 9.631939833599457712e-01 -5.961406778515725667e-03 1.023578877123710873e+00
-1.226136659432419895e+00 1.392425029048092622e+00 -1.234011203152699521e+00 1.023578877123710873e+00
-1.235389978594626292e+00 1.142079509492445639e-02 -5.961406778515725667e-03 -9.769642793040349549e-01
6.152738538466193674e-01 8.574414068860545246e-01 1.222088389595668012e+00 -9.769642793040349549e-01
-1.300163212730069739e+00 -4.675761689338771565e-01 -5.961406778515725667e-03 -9.769642793040349549e-01
4.857273855757321956e-01 1.877642732869476250e+00 -5.961406778515725667e-03 -9.769642793040349549e-01
6.985537263064754976e-01 1.031622121078346055e+00 -1.234011203152699521e+00 -9.769642793040349549e-01
6.152738538466193674e-01 1.709682758469766695e+00 -5.961406778515725667e-03 -9.769642793040349549e-01
6.245271730088256534e-01 1.616371661581039065e+00 -5.961406778515725667e-03 1.023578877123710873e+00
-1.290909893567863564e+00 -8.097168575258782974e-01 -1.234011203152699521e+00 1.023578877123710873e+00
1.771938749122397905e+00 -1.294934561347261814e+00 -5.961406778515725667e-03 1.023578877123710873e+00
6.893004071442692116e-01 1.050284340456091536e+00 1.222088389595668012e+00 1.023578877123710873e+00
5.227406622245570622e-01 2.540296470056161993e-01 -5.961406778515725667e-03 -9.769642793040349549e-01
-8.189906162953459745e-01 -1.139416066532715766e+00 -1.234011203152699521e+00 -9.769642793040349549e-01
-1.216883340270213720e+00 2.726918663833616807e-01 -5.961406778515725667e-03 1.023578877123710873e+00
5.782605771977944453e-01 -5.484457862374410020e-01 -5.961406778515725667e-03 -9.769642793040349549e-01
6.060205346844131924e-01 -1.033663490058824408e+00 -5.961406778515725667e-03 -9.769642793040349549e-01
-1.216883340270213720e+00 1.840318294113985287e+00 1.222088389595668012e+00 1.023578877123710873e+00
7.078070454686816726e-01 5.961703355976173402e-01 -1.234011203152699521e+00 1.023578877123710873e+00
6.522871304954442895e-01 9.507525037747821539e-01 1.222088389595668012e+00 1.023578877123710873e+00
-1.096590191161532779e+00 -1.158078285910461247e+00 -1.234011203152699521e+00 1.023578877123710873e+00
3.654342364670512544e-01 -1.288713821554679839e+00 -5.961406778515725667e-03 -9.769642793040349549e-01
-1.050323595350501682e+00 -1.263830862384352605e+00 1.222088389595668012e+00 -9.769642793040349549e-01
6.245271730088256534e-01 -1.282493081762098086e+00 -1.234011203152699521e+00 -9.769642793040349549e-01
5.597539388733819843e-01 -2.311880568157672622e-01 -1.234011203152699521e+00 -9.769642793040349549e-01
1.327779429336499062e+00 -1.294934561347261814e+00 1.222088389595668012e+00 1.023578877123710873e+00
-1.216883340270213720e+00 1.398645768840674597e+00 -5.961406778515725667e-03 1.023578877123710873e+00
6.893004071442692116e-01 1.529281304484893189e+00 -5.961406778515725667e-03 -9.769642793040349549e-01
7.263136837930941336e-01 -2.063050976454399166e-01 1.222088389595668012e+00 -9.769642793040349549e-01
6.615404496576505755e-01 -4.986798678967863108e-01 1.222088389595668012e+00 1.023578877123710873e+00
6.245271730088256534e-01 1.846539033906567040e+00 -1.234011203152699521e+00 1.023578877123710873e+00
5.782605771977944453e-01 7.984893281332468284e-02 -1.234011203152699521e+00 -9.769642793040349549e-01
-1.068830233674914032e+00 -6.790813218816597052e-01 -1.234011203152699521e+00 -9.769642793040349549e-01
5.690072580355882703e-01 -8.034961177332964333e-01 1.222088389595668012e+00 -9.769642793040349549e-01
6.245271730088256534e-01 -7.039642810519870508e-01 -5.961406778515725667e-03 1.023578877123710873e+00
1.947751813204316340e+00 -1.288713821554679839e+00 -1.234011203152699521e+00 -9.769642793040349549e-01
5.967672155222069064e-01 4.779762795385623653e-01 1.222088389595668012e+00 1.023578877123710873e+00
5.319939813867633482e-01 1.846539033906567040e+00 -1.234011203152699521e+00 1.023578877123710873e+00
5.782605771977944453e-01 6.210532947679446858e-01 1.222088389595668012e+00 1.023578877123710873e+00
-1.124350148648151526e+00 -6.168739239558412857e-01 1.222088389595668012e+00 -9.769642793040349549e-01
6.522871304954442895e-01 -2.560710159860946078e-01 -5.961406778515725667e-03 -9.769642793040349549e-01
5.134873430623508872e-01 -1.968290386798473776e-02 -5.961406778515725667e-03 1.023578877123710873e+00
-8.374972546197584355e-01 -1.270051602176934358e+00 1.222088389595668012e+00 1.023578877123710873e+00
-1.244643297756832467e+00 8.387791875083090432e-01 -5.961406778515725667e-03 1.023578877123710873e+00
4.949807047379384262e-01 2.386227468008813440e-02 1.222088389595668012e+00 1.023578877123710873e+00
6.060205346844131924e-01 -1.192147405492941653e-01 -1.234011203152699521e+00 1.023578877123710873e+00
6.337804921710318284e-01 1.731600297020522705e-01 -1.234011203152699521e+00 -9.769642793040349549e-01
6.985537263064754976e-01 1.597709442203293584e+00 1.222088389595668012e+00 1.023578877123710873e+00
5.782605771977944453e-01 -9.652353523404242353e-01 1.222088389595668012e+00 1.023578877123710873e+00
4.949807047379384262e-01 -1.189181984873370457e+00 1.222088389595668012e+00 -9.769642793040349549e-01
-1.226136659432419895e+00 -4.456586303831209378e-02 1.222088389595668012e+00 -9.769642793040349549e-01
4.949807047379384262e-01 -9.465731329626787538e-01 -1.234011203152699521e+00 -9.769642793040349549e-01
6.615404496576505755e-01 -2.311880568157672622e-01 1.222088389595668012e+00 1.023578877123710873e+00
-9.948036803772642989e-01 -9.465731329626787538e-01 1.222088389595668012e+00 1.023578877123710873e+00
6.152738538466193674e-01 -7.101850208445688040e-01 1.222088389595668012e+00 1.023578877123710873e+00
7.355670029553003086e-01 -2.622917557786764720e-01 -1.234011203152699521e+00 -9.769642793040349549e-01
4.764740664135259651e-01 4.593140601608168283e-01 1.222088389595668012e+00 1.023578877123710873e+00
5.875138963600007314e-01 1.753227937017839411e+00 -1.234011203152699521e+00 -9.769642793040349549e-01
-1.022563637863882935e+00 -9.838975717181697167e-01 -5.961406778515725667e-03 -9.769642793040349549e-01
-1.161363425296976448e+00 -6.293154035410049030e-01 -1.234011203152699521e+00 -9.769642793040349549e-01
-1.309416531892276137e+00 -7.101850208445688040e-01 -5.961406778515725667e-03 -9.769642793040349549e-01
6.245271730088256534e-01 3.784444428572529273e-01 -5.961406778515725667e-03 -9.769642793040349549e-01
6.430338113332381145e-01 4.593140601608168283e-01 -1.234011203152699521e+00 -9.769642793040349549e-01
-8.282439354575521495e-01 -1.027442750266242655e+00 1.222088389595668012e+00 1.023578877123710873e+00
1.077939811956930782e+00 -1.288713821554679839e+00 -5.961406778515725667e-03 1.023578877123710873e+00
1.725672153311366808e+00 -1.245168643006606901e+00 -1.234011203152699521e+00 -9.769642793040349549e-01
2.105058238961821981e+00 -1.276272341969516111e+00 -5.961406778515725667e-03 1.023578877123710873e+00
5.967672155222069064e-01 9.694147231525276354e-01 -5.961406778515725667e-03 -9.769642793040349549e-01
7.078070454686816726e-01 1.358355909465612243e-01 1.222088389595668012e+00 -9.769642793040349549e-01
4.764740664135259651e-01 7.890132691676543519e-01 -5.961406778515725667e-03 1.023578877123710873e+00
-9.948036803772642989e-01 -9.092486942071876799e-01 -5.961406778515725667e-03 -9.769642793040349549e-01
-1.198376701945801370e+00 -3.493821128748221816e-01 -5.961406778515725667e-03 -9.769642793040349549e-01
-1.290909893567863564e+00 -2.622917557786764720e-01 1.222088389595668012e+00 1.023578877123710873e+00
1.494339174256211100e+00 -1.294934561347261814e+00 -5.961406778515725667e-03 1.023578877123710873e+00
-1.161363425296976448e+00 -6.915228014668233225e-01 -1.234011203152699521e+00 -9.769642793040349549e-01
6.245271730088256534e-01 4.655347999533986925e-01 1.222088389595668012e+00 1.023578877123710873e+00
-1.161363425296976448e+00 -1.027442750266242655e+00 -1.234011203152699521e+00 1.023578877123710873e+00
-1.290909893567863564e+00 -4.924591281042045021e-01 -1.234011203152699521e+00 1.023578877123710873e+00
7.263136837930941336e-01 -1.033663490058824408e+00 -5.961406778515725667e-03 -9.769642793040349549e-01
4.949807047379384262e-01 -3.618235924599858544e-01 1.222088389595668012e+00 -9.769642793040349549e-01
-1.290909893567863564e+00 5.496597364299733030e-02 -1.234011203152699521e+00 1.023578877123710873e+00
1.919991855717697593e+00 -1.220285683836279667e+00 -1.234011203152699521e+00 1.023578877123710873e+00
-1.290909893567863564e+00 2.664711265907798721e-01 -5.961406778515725667e-03 1.023578877123710873e+00
6.707937688198567505e-01 -1.245168643006606901e+00 -5.961406778515725667e-03 -9.769642793040349549e-01
-1.272403255243451214e+00 2.386227468008813440e-02 1.222088389595668012e+00 -9.769642793040349549e-01
5.967672155222069064e-01 -3.493821128748221816e-01 -5.961406778515725667e-03 -9.769642793040349549e-01
5.319939813867633482e-01 1.635033880958784547e+00 1.222088389595668012e+00 -9.769642793040349549e-01
4.672207472513197346e-01 -7.101850208445688040e-01 1.222088389595668012e+00 1.023578877123710873e+00
-1.189123382783595195e+00 -3.618235924599858544e-01 -1.234011203152699521e+00 -9.769642793040349549e-01
9.391400245238373801e-01 -1.288713821554679839e+00 -1.234011203152699521e+00 -9.769642793040349549e-01
6.152738538466193674e-01 1.156036916929982894e+00 1.222088389595668012e+00 1.023578877123710873e+00
2.077298281475203456e+00 -1.226506423628861420e+00 -5.961406778515725667e-03 1.023578877123710873e+00
-1.226136659432419895e+00 4.593140601608168283e-01 -1.234011203152699521e+00 1.023578877123710873e+00
6.615404496576505755e-01 1.012959901700600573e+00 -5.961406778515725667e-03 -9.769642793040349549e-01
7.355670029553003086e-01 7.641303099973270063e-01 -5.961406778515725667e-03 1.023578877123710873e+00
-1.281656574405657389e+00 -2.622917557786764720e-01 -5.961406778515725667e-03 1.023578877123710873e+00
6.985537263064754976e-01 -3.369406332896585088e-01 -5.961406778515725667e-03 1.023578877123710873e+00
6.152738538466193674e-01 -5.733287454077683476e-01 1.222088389595668012e+00 -9.769642793040349549e-01
4.857273855757321956e-01 1.491956865729402004e+00 -1.234011203152699521e+00 -9.769642793040349549e-01
6.893004071442692116e-01 -4.613554291412952924e-01 1.222088389595668012e+00 -9.769642793040349549e-01
-1.263149936081244817e+00 2.540296470056161993e-01 -1.234011203152699521e+00 1.023578877123710873e+00
-1.179870063621388798e+00 -1.108312367569806556e+00 -1.234011203152699521e+00 -9.769642793040349549e-01
-1.281656574405657389e+00 7.205851314492540682e-01 -5.961406778515725667e-03 1.023578877123710873e+00
4.857273855757321956e-01 1.535502044277474942e+00 -5.961406778515725667e-03 1.023578877123710873e+00
5.875138963600007314e-01 -1.052325709436569889e+00 1.222088389595668012e+00 1.023578877123710873e+00
-1.281656574405657389e+00 -3.991480312154769283e-01 1.222088389595668012e+00 1.023578877123710873e+00
4.949807047379384262e-01 1.840318294113985287e+00 -5.961406778515725667e-03 -9.769642793040349549e-01
-1.198376701945801370e+00 5.526251570495444021e-01 -5.961406778515725667e-03 1.023578877123710873e+00
-1.300163212730069739e+00 -5.173420872745319032e-01 -5.961406778515725667e-03 1.023578877123710873e+00
7.355670029553003086e-01 1.420563307391430607e-01 1.222088389595668012e+00 1.023578877123710873e+00
-1.253896616919038642e+00 1.037842860870927808e+00 1.222088389595668012e+00 -9.769642793040349549e-01
6.800470879820630365e-01 -7.786131585629690877e-01 1.222088389595668012e+00 1.023578877123710873e+00
4.857273855757321956e-01 -8.470412962813692603e-01 -1.234011203152699521e+00 1.023578877123710873e+00
-1.309416531892276137e+00 -9.403523931700968896e-01 -1.234011203152699521e+00 1.023578877123710873e+00
-1.041070276188295507e+00 -1.207844204251115938e+00 -5.961406778515725667e-03 1.023578877123710873e+00
-1.216883340270213720e+00 1.697241278884602966e+00 -1.234011203152699521e+00 -9.769642793040349549e-01
-1.115096829485945351e+00 -7.226265004297325323e-01 -1.234011203152699521e+00 -9.769642793040349549e-01
-1.161363425296976448e+00 -1.139416066532715766e+00 -1.234011203152699521e+00 -9.769642793040349549e-01
6.152738538466193674e-01 -4.613554291412952924e-01 -1.234011203152699521e+00 1.023578877123710873e+00
4.672207472513197346e-01 -1.378769599270396884e-01 -1.234011203152699521e+00 -9.769642793040349549e-01
5.782605771977944453e-01 4.966384989163079022e-01 -5.961406778515725667e-03 -9.769642793040349549e-01
-1.179870063621388798e+00 -4.115895108006406011e-01 -5.961406778515725667e-03 -9.769642793040349549e-01
-1.290909893567863564e+00 1.420563307391430607e-01 -5.961406778515725667e-03 1.023578877123710873e+00
5.412473005489695232e-01 -5.608872658226047303e-01 -5.961406778515725667e-03 1.023578877123710873e+00
1.984765089853141262e+00 -1.245168643006606901e+00 1.222088389595668012e+00 -9.769642793040349549e-01
6.615404496576505755e-01 -3.991480312154769283e-01 -1.234011203152699521e+00 1.023578877123710873e+00
-1.189123382783595195e+00 8.885451058489637344e-01 -5.961406778515725667e-03 -9.769642793040349549e-01
6.522871304954442895e-01 -3.431613730822403729e-01 -1.234011203152699521e+00 1.023578877123710873e+00
-1.281656574405657389e+00 1.156036916929982894e+00 -1.234011203152699521e+00 1.023578877123710873e+00
5.967672155222069064e-01 -3.058369343267492990e-01 -1.234011203152699521e+00 1.023578877123710873e+00
